100,1001,1,0,0
100,1002,2,0,0
100,1003,3,0,0
100,1004,4,0,0
100,1005,5,0,0
100,1009,6,0,0
100,2012,7,0,0
100,2013,8,0,0
100,3016,9,0,0
100,2014,10,0,0
100,2015,11,0,0
100,2016,12,0,0
100,2017,13,0,0
100,2019,14,0,0
100,2020,15,0,0
300,2017,1,0,0
300,3001,2,0,0
300,3003,3,0,0
300,3004,4,0,0
300,3005,5,0,0
300,3006,6,0,0
300,3007,7,0,0
300,3008,8,0,0
300,3009,9,0,0
300,3010,10,0,0
300,3011,11,0,0
300,3012,12,0,0
300,3013,13,0,0
300,3017,14,0,0
300,3014,15,0,0
300,3015,16,0,0
300,3016,17,0,0
300,2014,18,0,0
300,2015,19,0,0
300,2016,20,0,0
